exp_name:,	
gpu_or_cpu:gpu,	
data_path:./,	
dataset:nyudepthv2,	
batch_size:1,	
workers:8,	
max_depth:10.0,	
max_depth_eval:10.0,	
min_depth_eval:0.001,	
do_kb_crop:1,	
kitti_crop:None,	
pretrained:,	
drop_path_rate:0.3,	
use_checkpoint:False,	
num_deconv:3,	
num_filters:[32, 32, 32],	
deconv_kernels:[2, 2, 2],	
shift_window_test:True,	
shift_size:2,	
flip_test:True,	
epochs:30,	
max_lr:0.0005,	
min_lr:3e-05,	
weight_decay:0.1,	
layer_decay:0.9,	
crop_h:480,	
crop_w:480,	
log_dir:log_dir,	
val_freq:1,	
pro_bar:False,	
save_freq:1,	
print_freq:100,	
save_model:True,	
resume_from:/ssd/ll/VPD/depth/checkpoints/epoch_25_model.ckpt,	
auto_resume:False,	
save_result:False,	
rank:0,	
world_size:1,	
gpu:0,	
dist_url:env://,	
distributed:True,	
dist_backend:nccl,	


Epoch: 026 - 030Epoch: [26][0/800]	Loss: 0.036608584225177765, LR: 0.00017366430514248747
Epoch: [26][100/800]	Loss: 0.08618818795179377, LR: 0.00016999577095759615
Epoch: [26][200/800]	Loss: 0.07515733808612646, LR: 0.0001663317625949241
Epoch: [26][300/800]	Loss: 0.07116477921654615, LR: 0.000162672219383597
Epoch: [26][400/800]	Loss: 0.06935019734921746, LR: 0.00015901708218678815
Epoch: [26][500/800]	Loss: 0.06721971392215131, LR: 0.00015536629334514054
Epoch: [26][600/800]	Loss: 0.06532267487906973, LR: 0.00015171979662291518
Epoch: [26][700/800]	Loss: 0.0640057615016437, LR: 0.0001480775371567063

Epoch: 027 - 030Epoch: [27][0/800]	Loss: 0.03186791390180588, LR: 0.0001444394614065711
Epoch: [27][100/800]	Loss: 0.06386280083789093, LR: 0.00014080551710943576
Epoch: [27][200/800]	Loss: 0.058123671825029956, LR: 0.00013717565323464667
Epoch: [27][300/800]	Loss: 0.05800487161103475, LR: 0.000133549819941545
Epoch: [27][400/800]	Loss: 0.05624548964518264, LR: 0.0001299279685389519
Epoch: [27][500/800]	Loss: 0.05518790347847396, LR: 0.0001263100514464583
Epoch: [27][600/800]	Loss: 0.05421606941263311, LR: 0.00012269602215742053
Epoch: [27][700/800]	Loss: 0.05425062917502392, LR: 0.00011908583520356836

Epoch: 028 - 030Epoch: [28][0/800]	Loss: 0.03419956937432289, LR: 0.00011547944612114066
Epoch: [28][100/800]	Loss: 0.05580049860152868, LR: 0.00011187681141846563
Epoch: [28][200/800]	Loss: 0.05153734147066797, LR: 0.00010827788854491136
Epoch: [28][300/800]	Loss: 0.05072980197115594, LR: 0.00010468263586113429
Epoch: [28][400/800]	Loss: 0.04905599513163145, LR: 0.00010109101261055928
Epoch: [28][500/800]	Loss: 0.04782635691815507, LR: 9.75029788920287e-05
Epoch: [28][600/800]	Loss: 0.0468867159543091, LR: 9.391849563356031e-05
Epoch: [28][700/800]	Loss: 0.046562681165915755, LR: 9.033752456716045e-05

Epoch: 029 - 030Epoch: [29][0/800]	Loss: 0.03126660734415054, LR: 8.676002820463916e-05
Epoch: [29][100/800]	Loss: 0.043395408143353936, LR: 8.318596981437735e-05
Epoch: [29][200/800]	Loss: 0.04231104289936782, LR: 7.961531339900201e-05
Epoch: [29][300/800]	Loss: 0.042488167817360936, LR: 7.60480236739235e-05
Epoch: [29][400/800]	Loss: 0.041640737175272585, LR: 7.248406604669523e-05
Epoch: [29][500/800]	Loss: 0.04162954507087043, LR: 6.892340659715691e-05
Epoch: [29][600/800]	Loss: 0.04171516657334298, LR: 6.536601205832317e-05
Epoch: [29][700/800]	Loss: 0.04220315537411459, LR: 6.181184979798572e-05

Epoch: 030 - 030Epoch: [30][0/800]	Loss: 0.027229847386479378, LR: 5.826088780099334e-05
Epoch: [30][100/800]	Loss: 0.04079601554070959, LR: 5.471309465218151e-05
Epoch: [30][200/800]	Loss: 0.03971559633107031, LR: 5.116843951991979e-05
Epoch: [30][300/800]	Loss: 0.03932444693712499, LR: 4.762689214025186e-05
Epoch: [30][400/800]	Loss: 0.038583903538615925, LR: 4.408842280160017e-05
Epoch: [30][500/800]	Loss: 0.03815144963726074, LR: 4.055300233001062e-05
Epoch: [30][600/800]	Loss: 0.03805722181565948, LR: 3.702060207491485e-05
Epoch: [30][700/800]	Loss: 0.03836311776717107, LR: 3.349119389538642e-05
